0 -5.12000036
0.0160083769999995 -5.12000036
0.0320172299999992 -5.12000036
0.0480256079999997 -5.12000036
0.064033985 -5.12000036
0.0800423619999995 -5.12000036
0.0960512159999993 -5.12000036
0.112059593 -5.12000036
0.12806797 -5.12000036
0.144076346999999 -5.12000036
0.160085200999999 -5.12000036
0.176093578 -5.12000036
0.192101955 -5.12000036
0.208110332 -5.12000036
0.224119185999999 -5.12000036
0.240127563 -5.12000036
0.25613594 -5.12000036
0.272144317 -5.12000036
0.288153170999999 -5.12000036
0.304161548 -5.12000036
0.320169925 -5.12000036
0.336178302 2.5600002
0.352187155999999 2.6000001
0.368195533 2.5600002
0.38420391 2.6000001
0.400212287 2.6000001
0.416221140999999 2.6000001
0.432229518 2.6000001
0.448237894999999 2.6000001
0.464246273 2.6400001
0.480255125999999 2.6400001
0.496263504 2.6400001
0.512271880999999 2.5600002
0.528280735 2.5600002
0.544289112 2.5600002
0.560297489 2.6000001
0.576305865999999 2.6000001
0.59231472 2.6800003
0.608323097 2.84000015
0.624331476999999 3.00000024
0.640339847 3.16000032
0.656348706999999 3.32000017
0.672357077 3.4400003
0.688365457 3.48000026
0.704373836999999 3.36000013
0.720382687 3.24000025
0.736391067 3.08000016
0.752399446999999 2.92000031
0.768407817 2.72000027
0.784416676999999 2.5600002
0.800425057 2.4000001
0.816433427 2.4000001
0.832441806999999 2.3200002
0.848450657 2.3200002
0.864459037 2.3600001
0.880467416999999 2.4000001
0.896475787 2.4400001
0.912484646999999 2.5200002
0.928493027 2.6000001
0.944501397 2.6400001
0.960509777 2.6800003
0.976518627 2.76000023
0.992527007 2.72000027
1.008535387 2.72000027
1.024543757 2.6800003
1.040552617 2.6400001
1.056560997 2.6800003
1.072569367 2.6000001
1.088578227 2.5600002
1.104586597 2.5600002
1.120594977 2.5200002
1.136603357 2.5200002
1.152612207 2.5600002
1.168620587 2.5600002
1.184628967 2.5600002
1.200637337 2.6000001
1.216646197 2.5600002
1.232654567 2.5600002
1.248662947 2.5200002
1.264671327 2.5200002
1.280680177 2.5600002
1.296688557 2.5200002
1.312696937 2.5200002
1.328705307 2.5200002
1.344714167 2.4800003
1.360722537 2.4400001
1.376730917 2.4400001
1.392739297 2.72000027
1.408748147 2.6800003
1.424756527 2.6000001
1.440764907 2.72000027
1.456773277 2.88000011
1.472782137 2.96000028
1.488790507 3.0400002
1.504798887 3.16000032
1.520807267 3.24000025
1.536816117 3.28000021
1.552824497 3.28000021
1.568832877 3.32000017
1.584841727 3.24000025
1.600850107 3.16000032
1.616858477 3.00000024
1.632866857 2.84000015
1.648875717 2.6400001
1.664884087 2.5200002
1.680892467 2.4000001
1.696900847 2.3200002
1.712909697 2.3200002
1.728918077 2.3200002
1.744926457 2.2800002
1.760934827 2.3200002
1.776943687 2.3600001
1.792952057 2.4400001
1.808960437 2.5200002
1.824968817 2.6000001
1.840977667 2.6400001
1.856986047 2.6400001
1.872994427 2.72000027
1.889002797 2.6800003
1.905011657 2.6400001
1.921020027 2.6400001
1.937028407 2.6000001
1.953036787 2.5600002
1.969045637 2.5200002
1.985054017 2.4800003
2.001062397 2.4800003
2.017070767 2.4800003
2.033079627 2.4800003
2.049087997 2.4800003
2.065096377 2.4800003
2.081105227 2.5600002
2.097113607 2.5600002
2.113121987 2.5600002
2.129130367 2.5600002
2.145139217 2.5600002
2.161147597 2.6000001
2.177155967 2.6000001
2.193164347 2.5600002
2.209173207 2.5600002
2.225181577 2.6000001
2.241189957 2.6000001
2.257198337 2.6400001
2.273207187 2.6800003
2.289215567 2.84000015
2.305223937 2.92000031
2.321232317 3.0400002
2.337241177 3.16000032
2.353249547 3.24000025
2.369257927 3.20000029
2.385266307 3.12000012
2.401275157 3.00000024
2.417283537 2.84000015
2.433291907 2.6400001
2.449300287 2.5200002
2.465309147 2.4000001
2.481317517 2.3200002
2.497325897 2.2800002
2.513334277 2.2800002
2.529343127 2.2800002
2.545351507 2.3200002
2.561359877 2.4000001
2.577368737 2.4800003
2.593377117 2.5200002
2.609385487 2.6000001
2.625393867 2.6800003
2.641402717 2.6800003
2.657411097 2.72000027
2.673419477 2.76000023
2.689427857 2.72000027
2.705436707 2.72000027
2.721445087 2.6400001
2.737453457 2.6000001
2.753461837 2.5200002
2.769470687 2.4800003
2.785479067 2.4400001
2.801487447 2.4400001
2.817495827 2.4400001
2.833504677 2.4400001
2.849513057 2.4800003
2.865521427 2.4800003
2.881529807 2.4800003
2.897538657 2.4800003
2.913547037 2.5200002
2.929555417 2.5200002
2.945563797 2.5600002
2.961572647 2.5600002
2.977581027 2.5600002
2.993589397 2.5200002
3.009597777 2.5200002
3.025606627 2.5600002
3.041615007 2.6400001
3.057623387 2.80000019
3.073632237 2.92000031
3.089640617 3.12000012
3.105648997 3.28000021
3.121657367 3.36000013
3.137666227 3.36000013
3.153674607 3.32000017
3.169682977 3.16000032
3.185691357 3.0400002
3.201700207 2.84000015
3.217708587 2.6400001
3.233716967 2.4800003
3.249725337 2.4000001
3.265734197 2.3600001
3.281742577 2.3200002
3.297750947 2.2800002
3.313759327 2.2800002
3.329768177 2.2800002
3.345776557 2.2800002
3.361784937 2.4000001
3.377793307 2.4400001
3.393802167 2.5200002
3.409810547 2.6000001
3.425818917 2.6400001
3.441827297 2.6400001
3.457836147 2.6800003
3.473844527 2.6400001
3.489852907 2.6400001
3.505861277 2.6800003
3.521870137 2.6000001
3.537878517 2.5600002
3.553886887 2.5200002
3.569895267 2.5200002
3.585904117 2.4400001
3.601912497 2.4800003
3.617920877 2.4400001
3.633929727 2.4800003
3.649938107 2.4400001
3.665946487 2.4800003
3.681954857 2.5200002
3.697963717 2.4800003
3.713972087 2.5200002
3.729980467 2.4800003
3.745988847 2.5200002
3.761997697 2.5600002
3.778006077 2.5200002
3.794014457 2.5600002
3.810022827 2.6000001
3.826031687 2.6400001
3.842040057 2.80000019
3.858048437 2.96000028
3.874056817 3.12000012
3.890065667 3.24000025
3.906074047 3.32000017
3.922082427 3.32000017
3.938090797 3.20000029
3.954099657 3.08000016
3.970108027 2.92000031
3.986116407 2.72000027
4.002124787 2.5600002
4.018133397 2.4400001
4.034142017 2.3600001
4.050150397 2.2800002
4.066159007 2.2800002
4.082167387 2.2800002
4.098176007 2.3600001
4.114184617 2.3600001
4.130192997 2.4400001
4.146201607 2.4800003
4.162209987 2.5600002
4.178218607 2.6400001
4.194226977 2.6400001
4.210235597 2.6400001
4.226243977 2.72000027
4.242252587 2.6800003
4.258260967 2.6800003
4.274269577 2.6400001
4.290277957 2.6000001
4.306286577 2.5600002
4.322294947 2.5600002
4.338303567 2.5200002
4.354311947 2.4800003
4.370320557 2.4400001
4.386328937 2.4400001
4.402337547 2.4800003
4.418345927 2.4800003
4.434354547 2.4400001
4.450362917 2.4400001
4.466371537 2.4000001
4.482379917 2.4400001
4.498388527 2.4800003
4.514396907 2.5200002
4.530405517 2.5200002
4.546413897 2.5600002
4.562422517 2.5600002
4.578430887 2.5200002
4.594439507 2.5200002
4.610447887 2.5200002
4.626456497 2.5600002
4.642465117 2.6400001
4.658473487 2.80000019
4.674482107 3.00000024
4.690490487 3.20000029
4.706499097 3.28000021
4.722507477 3.36000013
4.738516087 3.32000017
4.754524467 3.20000029
4.770533087 3.0400002
4.786541457 2.84000015
4.802550077 2.6800003
4.818558457 2.5200002
4.834567067 2.4000001
4.850575447 2.3600001
4.866584067 2.3200002
4.882592437 2.2400002
4.898601057 2.2
4.914609427 2.2
4.930618047 2.2400002
4.946626427 2.3200002
4.962635037 2.4400001
4.978643417 2.5200002
4.994652037 2.6000001
5.010660407 2.6800003
5.026669027 2.72000027
5.042677407 2.76000023
5.058686017 2.72000027
5.074694397 2.6800003
5.090703007 2.5600002
5.106711387 2.5200002
5.122720007 2.4800003
5.138728617 2.4400001
5.154736997 2.4400001
5.170745607 2.4000001
5.186753987 2.4000001
5.202762607 2.4400001
5.218770977 2.4800003
5.234779597 2.4800003
5.250787977 2.5600002
5.266796587 2.6000001
5.282804967 2.5600002
5.298813617 2.6000001
5.314821917 2.5600002
5.330830617 2.5600002
5.346838917 2.6000001
5.362847517 2.6000001
5.378855917 2.6000001
5.394864517 2.5600002
5.410872917 2.5600002
5.426881517 2.5200002
5.442889917 2.4800003
5.458898517 2.5200002
5.474906917 2.5200002
5.490915517 2.5600002
5.506923917 2.6400001
5.522932517 2.80000019
5.538940917 2.96000028
5.554949517 3.16000032
5.570957917 3.32000017
5.586966517 3.4400003
5.602974917 3.40000033
5.618983517 3.28000021
5.634992117 3.12000012
5.651000517 2.88000011
5.667009117 2.6800003
5.683017517 2.5200002
5.699026117 2.4000001
5.715034517 2.2800002
5.731043117 2.2400002
5.747051517 2.2400002
5.763060117 2.2400002
5.779068517 2.2800002
5.795077117 2.3600001
5.811085417 2.4400001
5.827094117 2.5200002
5.843102417 2.5600002
5.859111117 2.6400001
5.875119417 2.6400001
5.891128017 2.6800003
5.907136417 2.6400001
5.923145017 2.6400001
5.939153417 2.6000001
5.955162017 2.6000001
5.971170417 2.6000001
5.987179017 2.5600002
6.003187417 2.5600002
6.019196017 2.5200002
6.035204517 2.5200002
6.051213017 2.5200002
6.067221517 2.4800003
6.083230017 2.4800003
6.099238517 2.4800003
6.115247017 2.4800003
6.131255517 2.4800003
6.147264017 2.4800003
6.163272517 2.5200002
6.179281017 2.5200002
6.195289517 2.5600002
6.211298017 2.6000001
6.227306517 2.6000001
6.243315017 2.6000001
6.259323517 2.5600002
6.275332017 2.5600002
6.291340517 2.5200002
6.307348917 2.4800003
6.323357417 2.4800003
6.339365917 2.4400001
6.355374417 2.4800003
6.371382917 2.5600002
6.387391417 2.6400001
6.403399917 2.80000019
6.419408517 2.92000031
6.435417017 3.0400002
6.451425517 3.16000032
6.467434017 3.24000025
6.483442517 3.24000025
6.499451017 3.16000032
6.515459517 3.08000016
6.531468017 2.92000031
6.547476517 2.76000023
6.563485017 2.5600002
6.579493517 2.4400001
6.595502017 2.3600001
6.611510517 2.2400002
6.627519017 2.2
6.643527517 2.2
6.659536017 2.2800002
6.675544517 2.4000001
6.691553017 2.5200002
6.707561517 2.5600002
6.723570017 2.6400001
6.739578517 2.6800003
6.755587017 2.72000027
6.771595517 2.76000023
6.787604017 2.84000015
6.803612517 2.76000023
6.819620917 2.72000027
6.835629417 2.6400001
6.851637917 2.5600002
6.867646417 2.4800003
6.883654917 2.4800003
6.899663417 2.4000001
6.915672017 2.4000001
6.931680517 2.3600001
6.947689017 2.3600001
6.963697517 2.4000001
6.979706017 2.4400001
6.995714517 2.4400001
7.011722981437 2.4800003
7.027731477722 2.4400001
7.043740033611 2.4400001
7.059748529895 2.4800003
7.07575702618 2.5200002
7.091765522464 2.5200002
7.107774018749 2.5600002
7.123782515033 2.5200002
7.139791011318 2.5200002
7.155799507602 2.5600002
7.171808003887 2.5600002
7.187816500171 2.5200002
7.203824996456 2.5600002
7.21983349274 2.5200002
7.235841989025 2.4800003
7.251850485309 2.4800003
7.267858981594 2.6000001
7.283867477878 2.80000019
7.299875974162 2.96000028
7.315884530052 3.12000012
7.331893026336 3.28000021
7.347901522621 3.28000021
7.363910018905 3.28000021
7.37991851519 3.16000032
7.395927011474 3.00000024
7.411935507759 2.80000019
7.427944004043 2.6800003
7.443952500327 2.4800003
7.459960996612 2.3600001
7.475969492896 2.3200002
7.491977989181 2.2800002
7.507986515268 2.2800002
7.523995011552 2.2400002
7.540003507837 2.2800002
7.556012004121 2.3600001
7.572020500406 2.4400001
7.58802899669 2.4800003
7.60403749297 2.5600002
7.62004601906 2.6000001
7.63605451535 2.6400001
7.65206301163 2.6400001
7.66807150791 2.6400001
7.6840800042 2.6000001
7.70008850048 2.6400001
7.71609699677 2.5600002
7.73210549305 2.5200002
7.74811398934 2.5200002
7.76412250052 2.4800003
7.78013101171 2.4800003
7.79613950799 2.4400001
7.81214800428 2.4000001
7.82815650056 2.4000001
7.84416499685 2.4000001
7.860173508 2.4400001
7.8761820043 2.4800003
7.8921905006 2.4800003
7.908199004336 2.4800003
7.924207508071 2.5200002
7.940216004356 2.4800003
7.95622450437 2.4800003
7.97223300438 2.4800003
7.9882415044 2.4800003
8.00425000439491 2.4800003
8.0202585044 2.5600002
8.03626700441 2.5200002
8.05227550442 2.5200002
8.068284004434 2.5600002
8.084292500718 2.4800003
8.100301004454 2.5200002
8.1163095082 2.5200002
8.1323180045 2.4800003
8.1483265008 2.5200002
8.16433501194 2.5600002
8.18034350823 2.72000027
8.19635200451 2.88000011
8.2123605008 3.0400002
8.22836899708 3.20000029
8.24437750827 3.32000017
8.26038598965 3.32000017
8.27639451574 3.24000025
8.29240301202 3.08000016
8.30841150831 2.88000011
8.32442000459 2.6800003
8.34042850087 2.5200002
8.35643699716 2.4400001
8.37244549344 2.3200002
8.38845401953 2.3200002
8.40446251582 2.2800002
8.4204710121 2.3200002
8.436479508384 2.3600001
8.452488004669 2.4400001
8.468496500953 2.5200002
8.484504997238 2.5600002
8.500513493522 2.6000001
8.516521989807 2.6400001
8.532530486091 2.6400001
8.548538982376 2.6400001
8.56454747866 2.6800003
8.580556034549 2.6800003
8.596564530834 2.6400001
8.612573027118 2.6400001
8.628581523403 2.5600002
8.644590019687 2.5200002
8.660598515972 2.4800003
8.676607012256 2.4400001
8.692615508541 2.4400001
8.708624004825 2.5200002
8.724632501109 2.5200002
8.740640997394 2.5200002
8.756649493678 2.5200002
8.772657989963 2.4800003
8.788666486247 2.4800003
8.804674982532 2.4800003
8.820683478816 2.4800003
8.836691975101 2.5200002
8.85270053099 2.5600002
8.868709027275 2.6800003
8.884717523559 2.72000027
8.900726019843 2.80000019
8.916734516128 2.80000019
8.932743012412 2.84000015
8.948751508697 2.76000023
8.964760004981 2.72000027
8.980768501266 2.6800003
8.99677699755 2.6400001
9.012785517 2.6000001
9.028794017 2.6000001
9.044802517 2.5600002
9.060811017 2.5600002
9.076819517 2.4800003
9.092828017 2.4800003
9.108836517 2.6000001
9.124845017 2.76000023
9.140853517 3.00000024
9.156862017 3.20000029
9.172870517 3.28000021
9.188879017 3.28000021
9.204887517 3.24000025
9.220896017 3.20000029
9.236904517 3.00000024
9.252913017 2.92000031
9.268921517 2.92000031
9.284930017 2.92000031
9.300938517 2.92000031
9.316947017 2.80000019
9.332955517 2.6400001
9.348964017 2.5600002
9.364972517 2.4800003
9.380981017 2.4400001
9.396989417 2.4400001
9.412997917 2.5200002
9.429006417 2.5200002
9.445014917 2.6000001
9.461023417 2.6400001
9.477031917 2.72000027
9.493040517 2.80000019
9.509049017 2.92000031
9.525057517 3.0400002
9.541066017 3.00000024
9.557074517 2.92000031
9.573083017 2.84000015
9.589091517 2.80000019
9.605100017 2.72000027
9.621108517 2.6800003
9.637117017 2.6000001
9.653125517 2.5200002
9.669134017 2.4800003
9.685142517 2.4400001
9.701151017 2.4400001
9.717159517 2.4000001
9.733168017 2.4000001
9.749176517 2.4400001
9.765185017 2.4400001
9.781193517 2.4000001
9.797202017 2.4400001
9.813210517 2.4400001
9.829219017 2.5200002
9.845227517 2.5600002
9.861236017 2.6000001
9.877244517 2.6400001
9.893253017 2.6800003
9.909261417 2.6400001
9.925269917 2.6400001
9.941278417 2.6000001
9.957286917 2.5600002
9.973295417 2.5200002
9.989304017 2.5200002
10.005312417 2.5600002
10.021321017 2.6800003
10.037329417 2.84000015
10.053338017 3.0400002
10.069346417 3.28000021
10.085355017 3.4400003
10.101363417 3.48000026
10.117372017 3.48000026
10.133380417 3.36000013
10.149389017 3.16000032
10.165397417 2.96000028
10.181406017 2.72000027
10.197414417 2.5200002
10.213423017 2.3600001
10.229431417 2.2400002
10.245440017 2.2
10.261448617 2.2
10.277457017 2.2400002
10.293465617 2.3600001
10.309474017 2.4400001
10.325482617 2.5600002
10.341491017 2.6400001
10.357499617 2.72000027
10.373508017 2.76000023
10.389516617 2.80000019
10.405525017 2.72000027
10.421533617 2.72000027
10.437541917 2.72000027
10.453550617 2.6400001
10.469558917 2.6400001
10.485567617 2.6400001
10.501575917 2.6400001
10.517584517 2.6000001
10.533592917 2.5600002
10.549601517 2.4800003
10.565609917 2.4400001
10.581618517 2.4400001
10.597626917 2.4000001
10.613635517 2.4000001
10.629643917 2.4000001
10.645652517 2.4000001
10.661660917 2.4400001
10.677669517 2.5200002
10.693677917 2.5600002
10.709686517 2.6000001
10.725694897 2.6000001
10.741703507 2.6400001
10.757711887 2.6800003
10.773720507 2.6800003
10.789729117 2.6400001
10.805737497 2.6000001
10.821746107 2.5600002
10.837754487 2.5600002
10.853763107 2.6800003
10.869771477 2.88000011
10.885780097 3.08000016
10.901788477 3.32000017
10.917797087 3.48000026
10.933805467 3.60000014
10.949814077 3.60000014
10.965822457 3.48000026
10.981831077 3.32000017
10.997839447 3.08000016
11.013848067 2.80000019
11.029856447 2.5200002
11.045865057 2.2800002
11.061873437 2.1200001
11.077882047 2.0400002
11.093890427 2.0800002
11.109899047 2.1600001
11.125907417 2.3200002
11.141916037 2.4400001
11.157924417 2.6000001
11.173933027 2.6800003
11.189941407 2.76000023
11.205950017 2.84000015
11.221958397 2.84000015
11.237967017 2.84000015
11.253975387 2.72000027
11.269984007 2.6000001
11.285992617 2.4800003
11.302000997 2.4000001
11.318009617 2.3600001
11.334017987 2.4000001
11.350026607 2.3600001
11.366034987 2.4000001
11.382043597 2.4400001
11.398051977 2.4800003
11.414060597 2.5200002
11.430068967 2.5600002
11.446077587 2.5600002
11.462085957 2.5200002
11.478094577 2.4800003
11.494102957 2.4400001
11.510111567 2.4400001
11.526119947 2.4400001
11.542128567 2.4400001
11.558136937 2.5200002
11.574145557 2.5600002
11.590153937 2.6000001
11.606162547 2.6800003
11.622170927 2.72000027
11.638179537 2.88000011
11.654187917 3.00000024
11.670196537 3.16000032
11.686204907 3.28000021
11.702213527 3.40000033
11.718221907 3.48000026
11.734230517 3.4400003
11.750238897 3.24000025
11.766247507 3.0400002
11.782256127 2.80000019
11.798264507 2.6000001
11.814273117 2.4400001
11.830281497 2.3600001
11.846290107 2.3200002
11.862298487 2.2800002
11.878307107 2.4000001
11.894315477 2.6000001
11.910324097 2.84000015
11.926332477 3.00000024
11.942341087 3.08000016
11.958349467 3.08000016
11.974358077 3.0400002
11.990366457 2.92000031
12.006374837 2.84000015
12.022383687 2.72000027
12.038392067 2.6400001
12.054400447 2.5600002
12.070408817 2.4800003
12.086417677 2.3600001
12.102426047 2.3200002
12.118434427 2.2800002
12.134442807 2.2400002
12.150451657 2.2800002
12.166460037 2.3200002
12.182468417 2.3200002
12.198476787 2.3600001
12.214485647 2.3600001
12.230494017 2.4000001
12.246502397 2.4400001
12.262510777 2.4800003
12.278519627 2.5600002
12.294528007 2.5600002
12.310536387 2.5200002
12.326545237 2.4800003
12.342553617 2.4400001
12.358561997 2.4400001
12.374570367 2.4400001
12.390579227 2.6000001
12.406587597 2.80000019
12.422595977 3.0400002
12.438604357 3.32000017
12.454613207 3.56000018
12.470621587 3.68000031
12.486629967 3.72000027
12.502638337 3.64000034
12.518647197 3.4400003
12.534655567 3.24000025
12.550663947 2.96000028
12.566672327 2.72000027
12.582681177 2.5200002
12.598689557 2.3200002
12.614697937 2.2800002
12.630706307 2.2400002
12.646715167 2.2800002
12.662723537 2.3200002
12.678731917 2.4000001
12.694740297 2.4800003
12.710749147 2.6000001
12.726757527 2.6800003
12.742765907 2.76000023
12.758774277 2.80000019
12.774783137 2.84000015
12.790791507 2.80000019
12.806799887 2.72000027
12.822808747 2.6400001
12.838817117 2.6000001
12.854825497 2.5600002
12.870833877 2.4800003
12.886842727 2.4800003
12.902851107 2.4400001
12.918859477 2.4400001
12.934867857 2.4000001
12.950876717 2.4000001
12.966885087 2.4400001
12.982893467 2.4400001
12.998901847 2.4400001
13.014910697 2.4400001
13.030919077 2.4000001
13.046927447 2.4000001
13.062935827 2.3600001
13.078944687 2.4000001
13.094953057 2.4000001
13.110961437 2.4400001
13.126969817 2.4400001
13.142978667 2.5200002
13.158987047 2.6400001
13.174995417 2.84000015
13.191003797 3.08000016
13.207012657 3.28000021
13.223021027 3.4400003
13.239029407 3.52000022
13.255037787 3.4400003
13.271046637 3.36000013
13.287055017 3.16000032
13.303063397 2.96000028
13.319071767 2.80000019
13.335080627 2.6400001
13.351088997 2.4800003
13.367097377 2.4000001
13.383106227 2.3600001
13.399114607 2.3600001
13.415122987 2.3200002
13.431131367 2.2800002
13.447140217 2.3200002
13.463148597 2.3600001
13.479156967 2.3600001
13.495165347 2.4400001
13.511174197 2.5600002
13.527182577 2.6000001
13.543190957 2.6000001
13.559199337 2.6000001
13.575208187 2.6000001
13.591216567 2.5600002
13.607224937 2.4800003
13.623233317 2.4000001
13.639242167 2.3600001
13.655250547 2.3200002
13.671258927 2.2400002
13.687267307 2.2
13.703276157 2.2
13.719284537 2.2400002
13.735292907 2.2800002
13.751301287 2.3200002
13.767310147 2.3600001
13.783318517 2.4000001
13.799326897 2.4400001
13.815335277 2.4400001
13.831344127 2.5200002
13.847352507 2.5600002
13.863360877 2.5600002
13.879369737 2.5200002
13.895378117 2.4400001
13.911386487 2.4000001
13.927394867 2.3600001
13.943403717 2.3200002
13.959412097 2.3200002
13.975420477 2.4800003
13.991428847 2.76000023
14.007437707 2.92000031
14.023446087 3.16000032
14.039454457 3.36000013
14.055462837 3.40000033
14.071471687 3.36000013
14.087480067 3.24000025
14.103488447 3.08000016
14.119496817 2.88000011
14.135505677 2.6400001
14.151514057 2.4400001
14.167522427 2.3600001
14.183530807 2.2800002
14.199539657 2.2800002
14.215548037 2.2800002
14.231556417 2.3200002
14.247564797 2.4000001
14.263573647 2.4000001
14.279582027 2.4800003
14.295590397 2.5200002
14.311598777 2.6000001
14.327607627 2.6000001
14.343616007 2.6000001
14.359624387 2.5600002
14.375633237 2.5200002
14.391641617 2.4800003
14.407649997 2.5200002
14.423658367 2.5200002
14.439667227 2.5200002
14.455675597 2.4800003
14.471683977 2.4000001
14.487692357 2.4000001
14.503701207 2.4000001
14.519709587 2.5200002
14.535717967 2.5200002
14.551726337 2.5600002
14.567735197 2.5600002
14.583743567 2.5600002
14.599751947 2.5600002
14.615760327 2.5600002
14.631769177 2.5600002
14.647777557 2.5600002
14.663785937 2.5600002
14.679794307 2.5600002
14.695803167 2.6000001
14.711811547 2.6800003
14.727819917 2.6800003
14.743828297 2.72000027
14.759837147 2.6800003
14.775845527 2.6000001
14.791853907 2.6000001
14.807862277 2.5600002
14.823871137 2.6000001
14.839879517 2.6000001
14.855887887 2.76000023
14.871896747 2.92000031
14.887905117 3.08000016
14.903913497 3.24000025
14.919921877 3.36000013
14.935930727 3.40000033
14.951939107 3.36000013
14.967947487 3.24000025
14.983955857 3.08000016
14.999964717 2.84000015
15.015973087 2.6400001
15.031981467 2.4800003
15.047989847 2.3200002
15.063998697 2.2800002
15.080007077 2.2400002
15.096015457 2.2800002
15.112023827 2.3600001
15.128032687 2.4400001
15.144041057 2.5200002
15.160049437 2.6800003
15.176057817 2.80000019
15.192066667 2.88000011
15.208075047 2.88000011
15.224083427 2.88000011
15.240091797 2.80000019
15.256100657 2.6800003
15.272109027 2.6400001
15.288117407 2.5600002
15.304125787 2.5200002
15.320134637 2.4800003
15.336143017 2.4800003
15.352151397 2.4400001
15.368160247 2.4400001
15.384168627 2.4400001
15.400177001 2.4800003
15.416185379 2.4800003
15.432194232 2.4800003
15.44820261 2.4800003
15.464210987 2.4400001
15.480219364 2.4800003
15.496228218 2.4400001
15.512236595 2.4800003
15.528244972 2.4800003
15.544253349 2.5600002
15.560262203 2.6000001
15.57627058 2.6400001
15.592278957 2.6400001
15.608287334 2.6800003
15.624296188 2.6800003
15.640304565 2.6800003
15.656312942 2.6400001
15.672321319 2.6400001
15.688330173 2.6000001
15.70433855 2.6000001
15.720346927 2.6800003
15.736355304 2.84000015
15.752364158 3.00000024
15.768372535 3.24000025
15.784380912 3.40000033
15.800389289 3.48000026
15.816398143 3.4400003
15.83240652 3.32000017
15.848414897 3.16000032
15.864423275 2.88000011
15.880432128 2.72000027
15.896440505 2.5600002
15.912448883 2.4400001
15.928457736 2.3600001
15.944466114 2.3200002
15.960474491 2.84000015
15.976482868 2.80000019
15.992491722 2.80000019